   1.0000000e+02  -2.0000000e+02
   2.0000000e+02  -2.0000000e+02
   3.0000000e+02   1.5969665e+01
   4.0000000e+02   1.5791018e+01
   5.0000000e+02   1.6230575e+01
   6.0000000e+02   1.3630945e+01
   7.0000000e+02   1.5467937e+01
   8.0000000e+02   1.4400768e+01
   9.0000000e+02   1.4139529e+01
   1.0000000e+03   1.6422985e+01
   1.1000000e+03   1.4559173e+01
   1.2000000e+03   1.2641959e+01
   1.3000000e+03   1.0289196e+01
   1.4000000e+03   9.2382693e+00
   1.5000000e+03   9.3371239e+00
   1.6000000e+03   8.0903775e+00
   1.7000000e+03   8.8051811e+00
   1.8000000e+03   6.8556229e+00
   1.9000000e+03   6.6521041e+00
   2.0000000e+03   5.1506990e+00
   2.1000000e+03  -2.0000000e+02
   2.2000000e+03  -2.0000000e+02
   2.3000000e+03  -2.0000000e+02
   2.4000000e+03  -2.0000000e+02
   2.5000000e+03  -2.0000000e+02
   2.6000000e+03  -2.0000000e+02
   2.7000000e+03  -2.0000000e+02
   2.8000000e+03  -2.0000000e+02
   2.9000000e+03  -2.0000000e+02
   3.0000000e+03  -2.0000000e+02
   3.1000000e+03  -2.0000000e+02
   3.2000000e+03  -2.0000000e+02
   3.3000000e+03  -2.0000000e+02
   3.4000000e+03  -2.0000000e+02
   3.5000000e+03  -2.0000000e+02
   3.6000000e+03  -2.0000000e+02
   3.7000000e+03  -2.0000000e+02
   3.8000000e+03  -2.0000000e+02
   3.9000000e+03  -2.0000000e+02
   4.0000000e+03  -2.0000000e+02
   4.1000000e+03  -2.0000000e+02
   4.2000000e+03  -2.0000000e+02
   4.3000000e+03  -2.0000000e+02
   4.4000000e+03  -2.0000000e+02
   4.5000000e+03  -2.0000000e+02
   4.6000000e+03  -2.0000000e+02
   4.7000000e+03  -2.0000000e+02
   4.8000000e+03  -2.0000000e+02
   4.9000000e+03  -2.0000000e+02
   5.0000000e+03  -2.0000000e+02
   5.1000000e+03  -2.0000000e+02
   5.2000000e+03  -2.0000000e+02
   5.3000000e+03  -2.0000000e+02
   5.4000000e+03  -2.0000000e+02
   5.5000000e+03  -2.0000000e+02
   5.6000000e+03  -2.0000000e+02
   5.7000000e+03  -2.0000000e+02
   5.8000000e+03  -2.0000000e+02
   5.9000000e+03  -2.0000000e+02
   6.0000000e+03  -2.0000000e+02
   6.1000000e+03  -2.0000000e+02
   6.2000000e+03  -2.0000000e+02
   6.3000000e+03  -2.0000000e+02
   6.4000000e+03  -2.0000000e+02
   6.5000000e+03  -2.0000000e+02
   6.6000000e+03  -2.0000000e+02
   6.7000000e+03  -2.0000000e+02
   6.8000000e+03  -2.0000000e+02
   6.9000000e+03  -2.0000000e+02
   7.0000000e+03  -2.0000000e+02
   7.1000000e+03  -2.0000000e+02
   7.2000000e+03  -2.0000000e+02
   7.3000000e+03  -2.0000000e+02
   7.4000000e+03  -2.0000000e+02
   7.5000000e+03  -2.0000000e+02
   7.6000000e+03  -2.0000000e+02
   7.7000000e+03  -2.0000000e+02
   7.8000000e+03  -2.0000000e+02
   7.9000000e+03  -2.0000000e+02
   8.0000000e+03  -2.0000000e+02
   8.1000000e+03  -2.0000000e+02
   8.2000000e+03  -2.0000000e+02
   8.3000000e+03  -2.0000000e+02
   8.4000000e+03  -2.0000000e+02
   8.5000000e+03  -2.0000000e+02
   8.6000000e+03  -2.0000000e+02
   8.7000000e+03  -2.0000000e+02
   8.8000000e+03  -2.0000000e+02
   8.9000000e+03  -2.0000000e+02
   9.0000000e+03  -2.0000000e+02
   9.1000000e+03  -2.0000000e+02
   9.2000000e+03  -2.0000000e+02
   9.3000000e+03  -2.0000000e+02
   9.4000000e+03  -2.0000000e+02
   9.5000000e+03  -2.0000000e+02
   9.6000000e+03  -2.0000000e+02
   9.7000000e+03  -2.0000000e+02
   9.8000000e+03  -2.0000000e+02
   9.9000000e+03  -2.0000000e+02
   1.0000000e+04  -2.0000000e+02
