-1.169005315750837326e-02 -6.687805871479213238e-04 0.000000000000000000e+00
-1.180380582809448242e-02 -7.062248769216239452e-04 0.000000000000000000e+00
-1.199099607765674591e-02 -7.763499743305146694e-04 0.000000000000000000e+00
-1.212846860289573669e-02 -8.277585729956626892e-04 0.000000000000000000e+00
-1.219088677316904068e-02 -8.607715135440230370e-04 0.000000000000000000e+00
-1.220856513828039169e-02 -8.701066253706812859e-04 0.000000000000000000e+00
-1.226697955280542374e-02 -9.221623186022043228e-04 0.000000000000000000e+00
-1.228037383407354355e-02 -9.340679389424622059e-04 0.000000000000000000e+00
-1.232381351292133331e-02 -9.986460208892822266e-04 0.000000000000000000e+00
-1.233481708914041519e-02 -1.014946494251489639e-03 0.000000000000000000e+00
-1.236035302281379700e-02 -1.088217599317431450e-03 0.000000000000000000e+00
-1.236721966415643692e-02 -1.107788993977010250e-03 0.000000000000000000e+00
-1.237303484231233597e-02 -1.185280852951109409e-03 0.000000000000000000e+00
-1.237466000020503998e-02 -1.206246553920209408e-03 0.000000000000000000e+00
-1.236017141491174698e-02 -1.283156918361783028e-03 0.000000000000000000e+00
-1.235643774271011353e-02 -1.303302706219255924e-03 0.000000000000000000e+00
-1.232232712209224701e-02 -1.374816638417541981e-03 0.000000000000000000e+00
-1.231413707137107849e-02 -1.392139005474746227e-03 0.000000000000000000e+00
-1.225970871746540070e-02 -1.456153462640941143e-03 0.000000000000000000e+00
-1.224821899086236954e-02 -1.469771028496325016e-03 0.000000000000000000e+00
-1.218394655734300613e-02 -1.515391166321933270e-03 0.000000000000000000e+00
-1.217248011380434036e-02 -1.523601124063134193e-03 0.000000000000000000e+00
-1.214982382953166962e-02 -1.532545895315706730e-03 0.000000000000000000e+00
-1.208933349698781967e-02 -1.556138275191187859e-03 0.000000000000000000e+00
-1.208444219082593918e-02 -1.557412440888583660e-03 0.000000000000000000e+00
-1.189226657152175903e-02 -1.607516896910965443e-03 0.000000000000000000e+00
-1.167491171509027481e-02 -1.663821982219815254e-03 0.000000000000000000e+00
-1.149608939886093140e-02 -1.701610861346125603e-03 0.000000000000000000e+00
-1.134571153670549393e-02 -1.733199111185967922e-03 0.000000000000000000e+00
-1.085955742746591568e-02 -1.812340342439711094e-03 0.000000000000000000e+00
-1.065715868026018143e-02 -1.845178194344043732e-03 0.000000000000000000e+00
-1.000397279858589172e-02 -1.942724222317337990e-03 0.000000000000000000e+00
-9.974610060453414917e-03 -1.947145909070968628e-03 0.000000000000000000e+00
-9.636104106903076172e-03 -1.997677143663167953e-03 0.000000000000000000e+00
-9.293855167925357819e-03 -2.048773691058158875e-03 0.000000000000000000e+00
-9.265384636819362640e-03 -2.052947878837585449e-03 0.000000000000000000e+00
-8.607868105173110962e-03 -2.151935361325740814e-03 0.000000000000000000e+00
-8.525905199348926544e-03 -2.164323348551988602e-03 0.000000000000000000e+00
-7.920962758362293243e-03 -2.258050022646784782e-03 0.000000000000000000e+00
-7.789366412907838821e-03 -2.279274864122271538e-03 0.000000000000000000e+00
-7.231503725051879883e-03 -2.370967995375394821e-03 0.000000000000000000e+00
-7.048010360449552536e-03 -2.403309103101491928e-03 0.000000000000000000e+00
-6.514017470180988312e-03 -2.498841146007180214e-03 0.000000000000000000e+00
-6.309733260422945023e-03 -2.538133645430207253e-03 0.000000000000000000e+00
-5.861519370228052139e-03 -2.625464228913187981e-03 0.000000000000000000e+00
-5.617717280983924866e-03 -2.676020376384258270e-03 0.000000000000000000e+00
-5.185885820537805557e-03 -2.766573335975408554e-03 0.000000000000000000e+00
-4.913260228931903839e-03 -2.827177755534648895e-03 0.000000000000000000e+00
-4.512792453169822693e-03 -2.917083445936441422e-03 0.000000000000000000e+00
-4.213116597384214401e-03 -2.987933112308382988e-03 0.000000000000000000e+00
-3.838840406388044357e-03 -3.077281638979911804e-03 0.000000000000000000e+00
-3.514070529490709305e-03 -3.158037317916750908e-03 0.000000000000000000e+00
-3.160277148708701134e-03 -3.246922045946121216e-03 0.000000000000000000e+00
-2.816360676661133766e-03 -3.335832385346293449e-03 0.000000000000000000e+00
-2.480000024661421776e-03 -3.423715708777308464e-03 0.000000000000000000e+00
-2.116695279255509377e-03 -3.520529484376311302e-03 0.000000000000000000e+00
-1.788955880329012871e-03 -3.608778584748506546e-03 0.000000000000000000e+00
-1.432135817594826221e-03 -3.706271992996335030e-03 0.000000000000000000e+00
-1.127635128796100616e-03 -3.790330840274691582e-03 0.000000000000000000e+00
-7.589601445943117142e-04 -3.893208689987659454e-03 0.000000000000000000e+00
-4.545811098068952560e-04 -3.979052882641553879e-03 0.000000000000000000e+00
-8.942536805989220738e-05 -4.082843661308288574e-03 0.000000000000000000e+00
2.083613508148118854e-04 -4.168459679931402206e-03 0.000000000000000000e+00
5.788446287624537945e-04 -4.275565501302480698e-03 0.000000000000000000e+00
8.833226165734231472e-04 -4.364673048257827759e-03 0.000000000000000000e+00
1.248773187398910522e-03 -4.472118336707353592e-03 0.000000000000000000e+00
1.557893701829016209e-03 -4.564119968563318253e-03 0.000000000000000000e+00
1.913774874992668629e-03 -4.670543596148490906e-03 0.000000000000000000e+00
2.230237005278468132e-03 -4.766251891851425171e-03 0.000000000000000000e+00
2.575899241492152214e-03 -4.871481098234653473e-03 0.000000000000000000e+00
2.906242851167917252e-03 -4.973035305738449097e-03 0.000000000000000000e+00
3.231553360819816589e-03 -5.073973443359136581e-03 0.000000000000000000e+00
3.572742454707622528e-03 -5.180764012038707733e-03 0.000000000000000000e+00
3.881787648424506187e-03 -5.278606433421373367e-03 0.000000000000000000e+00
4.244722425937652588e-03 -5.394476931542158127e-03 0.000000000000000000e+00
4.530626814812421799e-03 -5.486952606588602066e-03 0.000000000000000000e+00
4.914295859634876251e-03 -5.612127948552370071e-03 0.000000000000000000e+00
5.174178630113601685e-03 -5.698075518012046814e-03 0.000000000000000000e+00
5.580661352723836899e-03 -5.833689589053392410e-03 0.000000000000000000e+00
5.816278047859668732e-03 -5.913448985666036606e-03 0.000000000000000000e+00
6.256135646253824234e-03 -6.063591688871383667e-03 0.000000000000000000e+00
6.461070384830236435e-03 -6.134725175797939301e-03 0.000000000000000000e+00
6.932565476745367050e-03 -6.299607921391725540e-03 0.000000000000000000e+00
7.102766539901494980e-03 -6.360463332384824753e-03 0.000000000000000000e+00
7.608823012560606003e-03 -6.542688701301813126e-03 0.000000000000000000e+00
7.739435881376266479e-03 -6.591095589101314545e-03 0.000000000000000000e+00
8.279607631266117096e-03 -6.792759057134389877e-03 0.000000000000000000e+00
8.368834853172302246e-03 -6.827144883573055267e-03 0.000000000000000000e+00
8.947434835135936737e-03 -7.051622495055198669e-03 0.000000000000000000e+00
8.993398398160934448e-03 -7.069859653711318970e-03 0.000000000000000000e+00
9.604538790881633759e-03 -7.312947884202003479e-03 0.000000000000000000e+00
9.609526954591274261e-03 -7.314936723560094833e-03 0.000000000000000000e+00
9.641048498451709747e-03 -7.327472325414419174e-03 0.000000000000000000e+00
1.028771884739398956e-02 -7.584460545331239700e-03 0.000000000000000000e+00
1.055984478443861008e-02 -7.690642029047012329e-03 0.000000000000000000e+00
1.063542906194925308e-02 -7.719903253018856049e-03 0.000000000000000000e+00
1.075790915638208389e-02 -7.767165079712867737e-03 0.000000000000000000e+00
1.076816022396087646e-02 -7.771090138703584671e-03 0.000000000000000000e+00
1.077548041939735413e-02 -7.773273624479770660e-03 0.000000000000000000e+00
1.083582360297441483e-02 -7.788178045302629471e-03 0.000000000000000000e+00
1.087205391377210617e-02 -7.793133612722158432e-03 0.000000000000000000e+00
1.090561598539352417e-02 -7.792368065565824509e-03 0.000000000000000000e+00
1.093754172325134277e-02 -7.789179682731628418e-03 0.000000000000000000e+00
1.097437459975481033e-02 -7.782492320984601974e-03 0.000000000000000000e+00
1.101219560950994492e-02 -7.768742274492979050e-03 0.000000000000000000e+00
1.103884261101484299e-02 -7.756291422992944717e-03 0.000000000000000000e+00
1.107605081051588058e-02 -7.734491955488920212e-03 0.000000000000000000e+00
1.110550947487354279e-02 -7.709189783781766891e-03 0.000000000000000000e+00
1.112134382128715515e-02 -7.693073712289333344e-03 0.000000000000000000e+00
1.114662457257509232e-02 -7.662285119295120239e-03 0.000000000000000000e+00
1.116607896983623505e-02 -7.627449929714202881e-03 0.000000000000000000e+00
1.117444224655628204e-02 -7.608789019286632538e-03 0.000000000000000000e+00
1.118734106421470642e-02 -7.571153808385133743e-03 0.000000000000000000e+00
1.119335461407899857e-02 -7.530987262725830078e-03 0.000000000000000000e+00
1.119457837194204330e-02 -7.510428782552480698e-03 0.000000000000000000e+00
1.119333971291780472e-02 -7.470998913049697876e-03 0.000000000000000000e+00
1.118475385010242462e-02 -7.430916652083396912e-03 0.000000000000000000e+00
1.117797847837209702e-02 -7.408896926790475845e-03 0.000000000000000000e+00
1.116342283785343170e-02 -7.373156491667032242e-03 0.000000000000000000e+00
1.114176772534847260e-02 -7.338642608374357224e-03 0.000000000000000000e+00
1.112526934593915939e-02 -7.316667120903730392e-03 0.000000000000000000e+00
1.110077463090419769e-02 -7.289233151823282242e-03 0.000000000000000000e+00
1.107224449515342712e-02 -7.266073487699031830e-03 0.000000000000000000e+00
1.104646641761064529e-02 -7.248034235090017319e-03 0.000000000000000000e+00
1.103037688881158829e-02 -7.238405756652355194e-03 0.000000000000000000e+00
1.102203503251075745e-02 -7.233398966491222382e-03 0.000000000000000000e+00
1.084158569574356079e-02 -7.142686750739812851e-03 0.000000000000000000e+00
1.083347201347351074e-02 -7.138597313314676285e-03 0.000000000000000000e+00
1.076545380055904388e-02 -7.104668300598859787e-03 0.000000000000000000e+00
1.016423478722572327e-02 -6.804453209042549133e-03 0.000000000000000000e+00
1.004622224718332291e-02 -6.745628081262111664e-03 0.000000000000000000e+00
9.969713166356086731e-03 -6.708348635584115982e-03 0.000000000000000000e+00
9.259840473532676697e-03 -6.360363215208053589e-03 0.000000000000000000e+00
9.107456542551517487e-03 -6.287577562034130096e-03 0.000000000000000000e+00
8.475625887513160706e-03 -5.984006449580192566e-03 0.000000000000000000e+00
8.261011913418769836e-03 -5.883755162358283997e-03 0.000000000000000000e+00
7.712394464761018753e-03 -5.625998135656118393e-03 0.000000000000000000e+00
7.425002753734588623e-03 -5.495393648743629456e-03 0.000000000000000000e+00
6.911579053848981857e-03 -5.260617006570100784e-03 0.000000000000000000e+00
6.577330641448497772e-03 -5.113680846989154816e-03 0.000000000000000000e+00
6.134195718914270401e-03 -4.917453508824110031e-03 0.000000000000000000e+00
5.746102426201105118e-03 -4.753031767904758453e-03 0.000000000000000000e+00
5.345311947166919708e-03 -4.581734072417020798e-03 0.000000000000000000e+00
4.906797315925359726e-03 -4.402533639222383499e-03 0.000000000000000000e+00
4.542669747024774551e-03 -4.252269398421049118e-03 0.000000000000000000e+00
4.081910941749811172e-03 -4.069720394909381866e-03 0.000000000000000000e+00
3.763692453503608704e-03 -3.942403011023998260e-03 0.000000000000000000e+00
3.264947794377803802e-03 -3.749849041923880577e-03 0.000000000000000000e+00
2.969374181702733040e-03 -3.634699620306491852e-03 0.000000000000000000e+00
2.448261016979813576e-03 -3.438295563682913780e-03 0.000000000000000000e+00
2.175155095756053925e-03 -3.334523411467671394e-03 0.000000000000000000e+00
1.637596404179930687e-03 -3.137010149657726288e-03 0.000000000000000000e+00
1.379967899993062019e-03 -3.041629446670413017e-03 0.000000000000000000e+00
8.327853865921497345e-04 -2.846282208338379860e-03 0.000000000000000000e+00
5.842584650963544846e-04 -2.756890607997775078e-03 0.000000000000000000e+00
3.474459663266316056e-05 -2.567670540884137154e-03 0.000000000000000000e+00
-2.103775768773630261e-04 -2.482599811628460884e-03 0.000000000000000000e+00
-7.593526388518512249e-04 -2.302409149706363678e-03 0.000000000000000000e+00
-1.008115592412650585e-03 -2.220051828771829605e-03 0.000000000000000000e+00
-1.553582143969833851e-03 -2.051727613434195518e-03 0.000000000000000000e+00
-1.812947681173682213e-03 -1.970931887626647949e-03 0.000000000000000000e+00
-2.374171745032072067e-03 -1.810095156542956829e-03 0.000000000000000000e+00
-2.664893865585327148e-03 -1.725997193716466427e-03 0.000000000000000000e+00
-3.156965831294655800e-03 -1.595435081981122494e-03 0.000000000000000000e+00
-3.442838089540600777e-03 -1.518962788395583630e-03 0.000000000000000000e+00
-3.932930994778871536e-03 -1.398632186464965343e-03 0.000000000000000000e+00
-4.262186121195554733e-03 -1.317239250056445599e-03 0.000000000000000000e+00
-4.718342795968055725e-03 -1.214678282849490643e-03 0.000000000000000000e+00
-5.082122981548309326e-03 -1.132347271777689457e-03 0.000000000000000000e+00
-5.504421889781951904e-03 -1.047203550115227699e-03 0.000000000000000000e+00
-5.913931410759687424e-03 -9.640062926337122917e-04 0.000000000000000000e+00
-6.286554504185914993e-03 -8.986067841760814190e-04 0.000000000000000000e+00
-6.737683434039354324e-03 -8.186515769921243191e-04 0.000000000000000000e+00
-7.063619792461395264e-03 -7.701631984673440456e-04 0.000000000000000000e+00
-7.573392707854509354e-03 -6.932725082151591778e-04 0.000000000000000000e+00
-8.080653846263885498e-03 -6.318356608971953392e-04 0.000000000000000000e+00
-8.414993062615394592e-03 -5.908242892473936081e-04 0.000000000000000000e+00
-8.627364411950111389e-03 -5.708312964998185635e-04 0.000000000000000000e+00
-8.844151161611080170e-03 -5.501665873453021049e-04 0.000000000000000000e+00
-9.017495438456535339e-03 -5.379433860071003437e-04 0.000000000000000000e+00
-9.264394640922546387e-03 -5.202747997827827930e-04 0.000000000000000000e+00
-9.409035556018352509e-03 -5.137305706739425659e-04 0.000000000000000000e+00
-9.707678109407424927e-03 -4.999569500796496868e-04 0.000000000000000000e+00
-9.805297479033470154e-03 -4.978449433110654354e-04 0.000000000000000000e+00
-1.012209523469209671e-02 -4.907338297925889492e-04 0.000000000000000000e+00
-1.018808502703905106e-02 -4.907505935989320278e-04 0.000000000000000000e+00
-1.057964935898780823e-02 -4.904158413410186768e-04 0.000000000000000000e+00
-1.061118580400943756e-02 -4.919693456031382084e-04 0.000000000000000000e+00
-1.076579093933105469e-02 -4.994398332200944424e-04 0.000000000000000000e+00
-1.097649708390235901e-02 -5.096091772429645061e-04 0.000000000000000000e+00
-1.113058719784021378e-02 -5.295897717587649822e-04 0.000000000000000000e+00
-1.116716209799051285e-02 -5.343099473975598812e-04 0.000000000000000000e+00
-1.130776014178991318e-02 -5.624399054795503616e-04 0.000000000000000000e+00
-1.136453356593847275e-02 -5.737671745009720325e-04 0.000000000000000000e+00
-1.149352546781301498e-02 -6.088141235522925854e-04 0.000000000000000000e+00
-1.157585065811872482e-02 -6.311442120932042599e-04 0.000000000000000000e+00
